File: data/slide/slide-3.txt
 1  6  2  4
 5 11  3  8
13  9  7 15
10  . 12 14
Total configs: 742818
Unique configs: 467067
Step 0:
 1  6  2  4
 5 11  3  8
13  9  7 15
10  . 12 14

Step 1:
 1  6  2  4
 5 11  3  8
13  9  7 15
 . 10 12 14

Step 2:
 1  6  2  4
 5 11  3  8
 .  9  7 15
13 10 12 14

Step 3:
 1  6  2  4
 5 11  3  8
 9  .  7 15
13 10 12 14

Step 4:
 1  6  2  4
 5  .  3  8
 9 11  7 15
13 10 12 14

Step 5:
 1  .  2  4
 5  6  3  8
 9 11  7 15
13 10 12 14

Step 6:
 1  2  .  4
 5  6  3  8
 9 11  7 15
13 10 12 14

Step 7:
 1  2  3  4
 5  6  .  8
 9 11  7 15
13 10 12 14

Step 8:
 1  2  3  4
 5  6  7  8
 9 11  . 15
13 10 12 14

Step 9:
 1  2  3  4
 5  6  7  8
 9 11 12 15
13 10  . 14

Step 10:
 1  2  3  4
 5  6  7  8
 9 11 12 15
13 10 14  .

Step 11:
 1  2  3  4
 5  6  7  8
 9 11 12  .
13 10 14 15

Step 12:
 1  2  3  4
 5  6  7  8
 9 11  . 12
13 10 14 15

Step 13:
 1  2  3  4
 5  6  7  8
 9  . 11 12
13 10 14 15

Step 14:
 1  2  3  4
 5  6  7  8
 9 10 11 12
13  . 14 15

Step 15:
 1  2  3  4
 5  6  7  8
 9 10 11 12
13 14  . 15

Step 16:
 1  2  3  4
 5  6  7  8
 9 10 11 12
13 14 15  .