File: data/slide/slide-5.txt
 1  2  3  4  5
 6  7  8  9 10
11 12 13 14 15
16 17  . 24 19
21 22 18 23 20
Total configs: 636
Unique configs: 442
Step 0:
 1  2  3  4  5
 6  7  8  9 10
11 12 13 14 15
16 17  . 24 19
21 22 18 23 20

Step 1:
 1  2  3  4  5
 6  7  8  9 10
11 12 13 14 15
16 17 18 24 19
21 22  . 23 20

Step 2:
 1  2  3  4  5
 6  7  8  9 10
11 12 13 14 15
16 17 18 24 19
21 22 23  . 20

Step 3:
 1  2  3  4  5
 6  7  8  9 10
11 12 13 14 15
16 17 18  . 19
21 22 23 24 20

Step 4:
 1  2  3  4  5
 6  7  8  9 10
11 12 13 14 15
16 17 18 19  .
21 22 23 24 20

Step 5:
 1  2  3  4  5
 6  7  8  9 10
11 12 13 14 15
16 17 18 19 20
21 22 23 24  .